2.270801451275133775e+00
1.965852409216918062e+00
2.464919791565763241e+00
1.987278406862962976e+00
2.872034095901584205e+00
1.827988905453730828e+00
2.032712173185557969e+00
2.090458590700265518e+00
2.167521862730119153e+00
1.845386249620607488e+00
1.689328226094690466e+00
1.905999698846545076e+00
2.107864500784269790e+00
2.251329230795426906e+00
2.203259488575375791e+00
2.260207085388692860e+00
2.161279742097502510e+00
2.523804447552774555e+00
2.207282035478666415e+00
2.252363566951467444e+00
2.009081823264437627e+00
2.409696051498435132e+00
2.124157096141385814e+00
1.941025986810010817e+00
1.798867974806716674e+00
1.757601901550864598e+00
2.695433221042339511e+00
1.807228063925341077e+00
2.648661388067306000e+00
1.683551647758471326e+00
2.276803590891193885e+00
2.072661892016427032e+00
2.030659942549927433e+00
2.412163037464083004e+00
2.342467469144215997e+00
2.531369120664225036e+00
2.128567887600203434e+00
1.916716160659820867e+00
2.326006216262651805e+00
1.741346529096308604e+00
1.539745562997498096e+00
2.529809337516391032e+00
1.885952097751038670e+00
2.167071540222424098e+00
2.716146598447626737e+00
2.332363142281673518e+00
2.309533577074066812e+00
2.003402277380665453e+00
2.097177220275016296e+00
2.478571698645322119e+00
2.030904913548850832e+00
2.205933673571888853e+00
2.301851839983791503e+00
1.850673300816992883e+00
2.604990319690402512e+00
2.033249826406168026e+00
1.922432366213123522e+00
2.324094798298315112e+00
2.258188321263628673e+00
2.292976504004620608e+00
1.982295461869699515e+00
2.070839838911795017e+00
2.636378364779783823e+00
1.880667206571471572e+00
2.788910498333425192e+00
1.863934889271314121e+00
2.130309150940160379e+00
1.732540614911682209e+00
2.572733649512631615e+00
2.125421091708791455e+00
1.741519634181341480e+00
2.653263960363947405e+00
2.067489650491824982e+00
2.343764503675153321e+00
2.572180628339535424e+00
2.618465510825067621e+00
1.773022930967457444e+00
2.502270238071409025e+00
1.945946534433401265e+00
1.945501893790951620e+00
2.388476849628005105e+00
2.401817018448058949e+00
2.704847978551511378e+00
1.586142389250541740e+00
1.584487873986301754e+00
2.065732398923459279e+00
2.993108663850280848e+00
1.388862820962585065e+00
2.759125408582654870e+00
2.217074598381545414e+00
1.799664355670196780e+00
1.945915476648502285e+00
2.039529628302853226e+00
1.774099976347278229e+00
2.709302662797234085e+00
1.993552402844094518e+00
2.213484726088693400e+00
2.202752466205918580e+00
2.176154687863581572e+00
2.735379786612263775e+00
2.295553575157327941e+00
2.876752679881704466e+00
2.402734116591295876e+00
2.498687751708915439e+00
2.223261576887416879e+00
1.454450893354404473e+00
2.177875607851588402e+00
1.921119408768628745e+00
2.150033921741392628e+00
2.329099897934113539e+00
2.077803909255215409e+00
2.309429870609944313e+00
1.836323364011767989e+00
2.292934251635569964e+00
2.589541540462937608e+00
2.871760740902991493e+00
2.620740533184125809e+00
2.489348651076128682e+00
2.045719440496144959e+00
2.287895840868259256e+00
2.212521557754294044e+00
2.402908084473698302e+00
1.790988918952573616e+00
2.184269306235242070e+00
1.810684803840653778e+00
2.558960581628078934e+00
2.517576819525271681e+00
2.615979988487897590e+00
2.210388279510623555e+00
2.010593014854304528e+00
1.630840325277683078e+00
1.825981901464317492e+00
1.790105601614648378e+00
2.699156861449668376e+00
2.250281847488199372e+00
2.546905324054764108e+00
2.823709134840958423e+00
1.957249940728728710e+00
2.327022151060220256e+00
2.496945446599254659e+00
2.601321895104783177e+00
2.341606922513686406e+00
2.677580004071769437e+00
2.353147643406325429e+00
2.875674192403749885e+00
2.240586499345240235e+00
2.731102491376324881e+00
2.496403007022222731e+00
1.684537260822764670e+00
2.181797453032506162e+00
2.128094856007132663e+00
2.197408737787839073e+00
2.714034524727360065e+00
2.526526725377268523e+00
2.486857994612599043e+00
1.918808850196657367e+00
2.025554324297635489e+00
2.073965213402841457e+00
1.591486986578539709e+00
1.664590881769936859e+00
1.544683918165584480e+00
2.213071491712980787e+00
2.201841638004220947e+00
2.095560307655519594e+00
2.002254100710618712e+00
2.440862305156937140e+00
2.692689154664520412e+00
2.051848240315922389e+00
2.414677811052589274e+00
2.378769367955798408e+00
2.735102045340793264e+00
2.304279836266831971e+00
1.667872326511874004e+00
2.442983278983058781e+00
2.766370648265589871e+00
1.779094316258528874e+00
2.810893227004852335e+00
2.553943178338246689e+00
1.811968621037549410e+00
2.219168225387264659e+00
2.703744249750110740e+00
2.639862535992703485e+00
2.328914929061353334e+00
1.891857991056739907e+00
2.299619374058190946e+00
2.172471703712595126e+00
2.204204592083653935e+00
2.132934047001874944e+00
2.064430617036983051e+00
1.675956427029162699e+00
2.331080694854798629e+00
2.616988559018710081e+00
1.926051743376562486e+00
1.768479761098531444e+00
1.884358018723702788e+00
1.935634217548089842e+00
2.514089506874834790e+00
2.436997615714186161e+00
2.431112311167717088e+00
2.552107759839760792e+00
1.726615960799303462e+00
1.460494630842412933e+00
1.738062271292606376e+00
2.180478905377819299e+00
2.198739752001396486e+00
1.916745575011395752e+00
2.299425159686175224e+00
1.950860936849825755e+00
2.029376008889241412e+00
1.913781859467745594e+00
2.336715430357809709e+00
1.758527332609437721e+00
1.920836782076498217e+00
2.048607462840230209e+00
1.602656481891822748e+00
2.194621297634240520e+00
1.599030088676251404e+00
2.132946833509922424e+00
1.649863772364553283e+00
1.891536058452945701e+00
2.222416936650168928e+00
2.653951323651059457e+00
2.506744222338682881e+00
2.130787230028372115e+00
2.018172061632964365e+00
2.406369909473411894e+00
2.442046123445677619e+00
2.112720512342268098e+00
1.838674011816134435e+00
2.392762844565750502e+00
2.162110345137287837e+00
1.864394951805243394e+00
2.417961453702426766e+00
2.475033335395744327e+00
1.733286921458426999e+00
2.144687407672671853e+00
1.792342170322234862e+00
2.398740599597973144e+00
2.311653031375498824e+00
2.942183904508774983e+00
2.238277663953302188e+00
1.855954450942132183e+00
2.283933919853631700e+00
2.179040760310003932e+00
2.385242317263639666e+00
2.408235667971108107e+00
2.200228720679686667e+00
1.906920978082848439e+00
2.478790221884742628e+00
2.263453896955099687e+00
